69.43
69.74
70.45
70.45
69.86
69.73
68.5
67.97
69.68
69.06
67.27
67.1
67.76
69.28
68.17
68.2
67.14
66.47
63.96
66.68
65.12
66.77
65.82
68.4
67.07
67.73
68.01
68.81
68.69
69.19
69.26
69.73
69.34
68.87
69.32
67.12
67.53
67.67
68.06
67.85
68.1
68.68
68.75
68.53
68.3
68.09
67.29
66.71
66.03
65.21
64.93
64.98
66.4
66.26
65.83
65.62
65.49
64.97
65.61
65.12
64.92
65.42
64.93
64.73
64.95
65.06
65.57
66.28
66.33
66.03
66.22
66.43
66.99
67
67.81
67.97
67.81
67.5
67.34
67.69
67.82
66.84
66.86
66.47
66.42
66.22
66.98
67.39
67.23
66.98
66.93
66.52
66.45
67.25
67.39
67.36
66.61
66.83
67.52
67.82
66.8
66.42
66.92
66.79
66.96
67.14
66.99
67.17
66.74
65.86
65.57
65.25
64.56
64.75
64.23
63.81
63.05
63.11
62.25
61.83
61.16
62.58
63.48
64.34
64.35
64.68
64.7
64.29
64.28
64.63
63.51
63.98
63
63.39
62.96
62.99
62.85
63.62
63.62
62.49
62.28
62.23
62.66
62.63
62.24
61.97
61.62
61.66
61.67
61.96
62.15
61.95
61.32
61.8
62.06
62.06
62.34
61.87
62.03
62.51
62.57
62.23
62.49
62.14
61.79
62.16
62.02
62.13
62.58
62.95
64.29
64.83
64.56
64.51
64.42
64.14
64.64
64.65
64.55
64.37
64.76
64.4
63.81
62.98
63.92
63.72
63.9
63.47
63.22
63.07
63.58
63.97
63.77
62.26
62.48
62.76
63.25
62.28
62.91
62.96
62.49
61.2
60.77
61.63
61.59
61.47
61.23
61.32
61.14
61.26
61.13
60.64
60.55
60.41
60.03
59.92
59.9
59.95
59.72
60.31
60.17
59.86
59.07
58.73
58.68
58.65
58.68
58.34
58.3
58.16
58.19
58.54
58.4
57.64
57.87
57.29
57.52
57.85
57.36
57.38
56.65
57
56.88
56.75
56.35
56.3
56.21
56.37
56.81
56.85
56.63
56.18
55.99
55.92
55.75
55.68
54.29
53.97
54.56
53.59
53.81
54.08
54.02
53.73
53.71
54.25
54.52
54.29
54.14
54.11
54.45
55.36
55.48
55.13
54.77
54.94
54.78
54.8
53.54
53.43
53.32
53.48
53.38
53.19
52.72
52.54
51.72
50.78
50.88
51.35
51.32
51.22
50.96
50.91
50.93
50.01
48.99
48.63
48.61
48.69
48.9
49.63
48.83
50.33
50.75
50.97
50.99
50.82
50.87
50.91
50.69
50.04
50.18
50.53
49.47
49.67
48.94
49.39
50.82
50.49
49.41
49.52
49.35
48.25
48.77
49.58
49.7
49.65
51.18
51.16
51.45
51.39
51.53
52.04
51.65
52.06
50.74
50.39
51.7
51.23
51.79
51.49
51.77
51.41
50.93
51.76
51.91
52.32
52.21
52.48
53.29
52.96
52.27
52.94
53.01
52.76
52.59
51.79
51.85
52.3
52.85
53.28
52.99
52.86
52.76
52.65
52.79
52.62
53.28
52.54
52.75
51.97
51.87
51.73
51.69
51.4
51.64
51.79
51.77
52.04
52.27
52.05
51.53
50.93
50.9
50.38
50.76
52.71
52.39
52.92
53.24
53.43
52.87
52.38
51.58
51.81
51.4
51.61
50.31
50.73
51.06
52.43
52.6
51.96
51.84
51.77
52.09
51.73
51.94
51.83
51.95
53.03
53.91
53.79
54.59
54.5
54.35
53.77
52.7
53.69
53.83
53.85
54.51
54.47
55.12
55.17
54.89
54.89
54.74
54.73
54.64
54.39
54.45
55.82
56.44
56.42
56.48
55.98
55.26
55.12
55.3
54.94
54.73
55.38
55.5
54.66
54.64
55.14
55.21
55.26
54.54
53.97
53.68
53.96
53.84
53.57
53.08
53.26
52.95
52.64
51.7
51.62
50.75
50.4
50.97
50.58
51.32
50.77
50.72
50.51
50.52
51.38
51.3
51.3
51.99
52.19
52.11
52.03
52
51.99
51.85
51.8
52.01
51.54
51.05
51.11
50.4
50.95
50.58
50.41
50.26
49.66
49.89
50.15
50.29
51.01
50.69
49.97
49.77
49.49
48.87
47.6
47.65
47.44
