62.45
63.3
64.15
64.43
64
63.65
62.66
62.52
63.19
62.97
61.43
61.57
62.59
64.1
63.25
63.06
62.68
62.37
59.84
62.59
62.47
64.15
62.84
63.97
62.68
63.35
63.53
63.38
63.35
63.56
63.86
65.24
65.64
67.94
67.99
67.46
67.98
68.05
68.34
68.46
68.75
69.37
69.96
69.61
69.21
69.63
69.87
69.4
69.06
68.5
67.9
67.44
68.23
68.38
68.43
68.17
68.34
67.93
69.01
68.51
68.14
68.96
68.29
68.38
68.34
68.42
68.96
69.73
70.04
69.33
69.35
69.38
69.9
69.96
70.22
70.69
70.19
70.03
69.65
69.49
69.88
69.14
68.97
68.76
68.22
67.79
68.77
68.53
68.26
67.85
68.66
66.9
66.68
66.01
66.39
66.31
65.8
66.13
66.09
65.69
65.44
65.56
65.04
64.73
64.92
64.75
64.59
64.1
64.23
63.43
64.06
63.19
63.36
63.01
63.23
63.23
62.97
63.13
62.28
62.12
61.37
62.05
63.17
63.67
63.45
63.67
62.82
62.51
62.44
62.78
61.99
61.78
61.98
62.16
61.6
61.51
61.72
61.97
63.23
62.51
62.89
61.91
62.42
61.93
62.96
62.72
62.24
62.39
62.73
63.19
63.58
62.85
62.94
64.08
64.37
64.28
64.68
64.38
64.41
64.41
65.06
65.27
65.39
65.22
64.83
64.55
64.89
65.33
65.08
63.93
64.26
63.85
63.65
63.85
63.8
63.94
64.2
64.19
63.92
64.81
64.48
64.26
63.76
64.1
64.05
63.43
63.25
63.17
63.22
63.26
63.69
63.72
64.14
62.7
62.1
61.99
62.41
61.98
62.77
62.77
62.83
62.03
62.13
62.49
62.71
62.96
63.3
63.35
63.16
63.13
63.4
63.25
63.83
63.59
63.35
63.07
62.35
62.85
63.1
63.07
63.23
63.03
63.45
64.51
64.69
64.65
64.41
64.1
63.56
63.78
64.12
66.07
65.73
64.87
65
64.45
64.75
64.78
64.39
64.15
63.82
64.67
64.47
64.89
64.14
64.62
64.51
64.01
64.27
64.42
64.12
63.47
63.52
63.61
63.03
62.95
61.8
61.24
61.74
61.75
62.17
62.37
62.41
62.39
62.26
63.09
63.11
63
63.12
62.76
63.02
64.06
63.95
63.45
63.14
63.71
63.33
62.84
62.5
62.48
62.78
63.25
62.57
62.06
61.82
61.57
62.32
59.74
60.13
60.81
61.2
61.07
61.37
61.14
61.62
60.59
59.35
59.24
59.23
58.69
58.95
59.66
58.51
60.08
60.4
60.95
61.64
61.7
62.09
61.54
61.85
61.48
61.2
61.47
60.17
60.32
59.44
59.16
61.02
61.1
59.97
60.09
60.1
58.5
60.09
60.5
60.75
61.02
63.1
63.57
63.78
63.13
63.52
63.96
63.59
63.45
61.7
61.82
62.3
62.52
62.77
62.32
62.3
61.87
61.37
62.13
61.83
61.88
63.04
62.97
63.18
63.2
63.32
63.34
63.43
63.37
63.41
63.03
63.05
63.43
63.04
63.71
63.21
63.8
63.59
63.63
63.59
63.31
63.88
63.36
63.6
63.56
63.61
63.13
63.2
62.2
62.08
61.56
61.49
61.29
61.5
61.26
61.13
60.53
60.18
59.27
59.11
58.9
58.61
59.21
59.45
59.32
58.93
58.17
57.8
58.05
57.28
56.97
55.94
56.46
56.58
58.15
58.02
57.59
56.56
56.68
57.2
57.16
57.14
57.29
57.82
58.77
59.13
59.1
59.58
58.87
58.39
57.59
57.65
57.84
58.21
58.8
58.1
57.68
58.17
57.97
58.02
57.84
57.57
57.52
57.38
56.43
56.96
57.57
57.86
57.85
58.13
58.67
58.63
60.23
60.94
60.58
59.54
60.39
60.17
58.61
58.69
59.53
58.88
58.87
58.48
58.29
58.69
58.97
58.81
58.35
57.72
58.97
58.48
58.67
58.18
57.68
56.88
56.58
57.09
57.04
57.83
57.46
57.47
56.97
57.49
57.94
58.26
58.01
58.45
58.68
59.05
58.05
57.09
57.39
57.08
56.89
57.63
57.34
57.32
57.37
55.07
55.26
55.12
55.61
55.28
55.15
55.08
55.19
55.6
56.39
55.39
54.96
54.91
55.3
55.4
54.51
54.68
54.9
