1000.00
992.57
996.17
999.36
998.76
1002.54
1001.43
999.41
996.96
989.97
993.58
1000.12
1000.42
998.72
995.76
998.00
992.76
996.95
993.34
994.11
995.15
996.91
994.26
990.27
993.75
999.78
1000.19
1002.98
1008.04
1008.71
1012.76
1019.14
1013.84
1014.16
1004.48
998.63
1005.86
1001.91
1007.25
1010.02
1013.38
1001.71
994.72
991.20
992.03
984.47
991.91
986.86
989.94
987.06
985.65
985.05
983.85
982.90
989.39
987.95
996.81
999.55
1000.07
995.72
1001.80
1003.81
998.90
1006.24
1003.38
997.07
995.91
992.88
1002.07
998.66
997.03
994.35
1002.29
1003.42
1006.31
1007.17
1004.67
1010.57
1012.51
1014.41
1006.21
1002.22
1001.27
999.50
998.35
1002.49
1006.21
1005.61
1000.52
1005.85
998.78
998.94
996.42
996.39
991.03
990.06
990.18
984.06
977.59
974.87
976.51
973.58
978.19
975.34
974.78
976.49
980.76
970.55
969.76
968.26
971.58
955.12
958.95
962.10
962.87
967.60
972.36
971.58
971.88
975.89
970.81
971.14
972.93
971.14
973.94
986.27
985.13
986.83
986.63
983.24
978.15
968.99
973.16
973.74
970.95
966.42
971.44
968.39
969.27
975.28
982.66
985.09
982.12
980.30
980.54
980.78
981.84
981.22
981.36
990.69
990.08
997.59
1001.76
1001.89
994.36
996.23
1000.38
1000.02
1001.20
1004.55
1001.18
996.69
1002.95
1005.56
1009.06
1010.31
1015.95
1015.76
1022.73
1023.20
1021.80
1018.56
1022.85
1031.15
1034.53
1042.05
1040.58
1039.47
1042.16
1039.97
1041.93
1046.16
1042.86
1045.37
1054.16
1055.43
1057.76
1055.86
1063.24
1061.31
1055.92
1048.08
1049.26
1051.62
1044.23
1045.95
1056.70
1057.65
1058.54
1055.85
1066.19
1060.48
1061.70
1062.89
1054.72
1056.41
1059.42
1047.58
1050.27
1050.05
1050.66
1042.00
1044.86
1046.70
1050.75
1049.66
1052.88
1052.71
1044.38
1046.51
1045.11
1045.03
1038.69
1041.21
1032.42
1036.20
1036.32
1045.44
1040.32
1032.23
1031.76
1035.65
1028.64
1028.14
1027.10
1027.71
1021.48
1018.89
1026.59
1026.97
1018.66
1019.19
1016.38
1013.13
1009.36
1004.64
1008.36
1012.35
1014.80
1011.39
1018.79
1022.59
1015.74
1012.03
1013.69
1017.80
1013.42
1020.27
1019.19
1019.36
1015.77
1012.78
1009.23
1011.14
1009.13
1010.92
1013.37
1013.76
1015.38
1019.07
1018.49
1019.03
1015.48
1024.42
1026.57
1026.58
1032.64
1038.36
1034.95
1025.52
1021.49
1022.39
1027.40
1031.22
1034.21
1028.59
1024.73
1022.84
1018.88
1014.29
1015.01
1020.37
1021.23
1036.19
1038.31
1032.90
1026.21
1028.07
1032.04
1027.81
1030.20
1027.38
1026.46
1028.87
1029.46
1033.59
1038.62
1041.05
1039.89
1040.54
1034.95
1030.47
1025.92
1022.29
1016.62
1017.09
1016.32
1019.79
1011.19
1016.91
1018.77
1017.45
1015.11
1018.24
1018.14
1018.64
1020.24
1016.12
1015.22
1007.86
1006.51
1013.20
1020.13
1018.84
1023.14
1022.98
1021.10
1012.28
1003.20
1005.76
1016.52
1013.67
1007.01
1018.02
1015.10
1018.29
1020.11
1023.92
1022.09
1018.19
1014.75
1013.09
1015.26
1014.94
1026.24
1021.22
1024.56
1028.80
1027.28
1021.56
1018.96
1014.01
1014.66
1016.02
1019.87
1018.77
1015.06
1022.86
1024.38
1027.22
1029.61
1027.55
1029.81
1026.72
1035.93
1038.55
1034.91
1037.28
1033.55
1042.89
1049.85
1046.29
1043.89
1042.27
1030.38
1031.97
1031.08
1033.04
1027.46
1022.47
1010.52
1011.25
1015.73
1013.05
1015.65
1016.28
1018.12
1008.21
1001.16
1009.50
1014.57
1012.48
1006.24
1008.89
1014.27
1018.28
1016.95
1016.46
1017.45
1016.70
1012.57
1011.95
1014.25
1011.97
1009.58
1004.49
1004.53
1012.65
1020.90
1011.60
1014.73
1018.67
1008.67
1005.38
1009.12
1003.98
1007.86
1006.40
1005.65
1000.37
1002.45
1004.25
1007.35
1009.71
1011.30
1012.55
1010.10
1022.90
1023.04
1024.93
1017.01
1018.54
1020.11
1021.09
1027.61
1030.58
1032.49
1032.96
1029.17
1036.59
1031.45
1025.79
1025.08
1025.19
1032.37
1031.32
1040.19
1041.88
1045.14
1050.68
1053.27
1049.39
1055.24
1051.88
1062.16
1063.86
1061.10
1067.67
1064.84
1061.41
1064.65
1073.04
1072.02
1074.14
1066.95
1072.51
1076.30
1074.07
1079.44
1075.12
1071.77
1072.01
1070.58
1068.75
1066.40
1066.62
1071.81
1070.85
1074.40
1071.67
1064.81
1060.97
1067.65
1072.62
1066.50
1065.88
1073.02
1080.27
1076.23
1080.24
