1000.00
992.61
996.25
999.48
998.92
1002.74
1001.67
999.69
997.28
990.32
993.98
1000.56
1000.91
999.24
996.32
998.60
993.39
997.62
994.06
994.87
995.94
997.75
995.14
991.18
994.70
1000.78
1001.23
1004.06
1009.16
1009.88
1013.98
1020.41
1015.14
1015.49
1005.84
1000.03
1007.31
1003.40
1008.78
1011.60
1015.00
1003.36
996.39
992.91
993.78
986.24
993.74
988.72
991.84
989.00
987.62
987.06
985.90
984.98
991.53
990.13
999.04
1001.84
1002.39
998.07
1004.21
1006.26
1001.38
1008.78
1005.95
999.67
998.54
995.55
1004.80
1001.42
999.83
997.18
1005.18
1006.36
1009.30
1010.19
1007.73
1013.69
1015.67
1017.62
1009.43
1005.47
1004.56
1002.83
1001.71
1005.91
1009.68
1009.11
1004.05
1009.44
1002.38
1002.58
1000.10
1000.10
994.77
993.83
993.99
987.88
981.43
978.74
980.42
977.53
982.19
979.37
978.85
980.60
984.92
974.72
973.96
972.49
975.87
959.37
963.26
966.46
967.27
972.06
976.88
976.14
976.48
980.55
975.48
975.86
977.69
975.93
978.78
991.22
990.11
991.85
991.69
988.33
983.25
974.08
978.31
978.94
976.17
971.65
976.74
973.72
974.63
980.72
988.18
990.66
987.71
985.92
986.21
986.48
987.59
987.00
987.19
996.62
996.03
1003.63
1007.87
1008.04
1000.50
1002.43
1006.64
1006.32
1007.54
1010.95
1007.61
1003.13
1009.47
1012.13
1015.70
1017.00
1022.72
1022.57
1029.62
1030.14
1028.77
1025.55
1029.91
1038.30
1041.75
1049.37
1047.93
1046.85
1049.60
1047.44
1049.46
1053.76
1050.47
1053.05
1061.94
1063.27
1065.65
1063.78
1071.26
1069.36
1063.97
1056.12
1057.35
1059.76
1052.36
1054.14
1065.01
1066.02
1066.96
1064.29
1074.75
1069.04
1070.31
1071.55
1063.36
1065.11
1068.19
1056.29
1059.04
1058.86
1059.52
1050.83
1053.75
1055.65
1059.78
1058.73
1062.02
1061.89
1053.52
1055.72
1054.34
1054.31
1047.95
1050.54
1041.71
1045.56
1045.73
1054.98
1049.85
1041.73
1041.30
1045.26
1038.23
1037.77
1036.75
1037.42
1031.17
1028.59
1036.41
1036.83
1028.49
1029.07
1026.27
1023.02
1019.26
1014.54
1018.33
1022.40
1024.92
1021.52
1029.03
1032.91
1026.03
1022.32
1024.04
1028.24
1023.85
1030.82
1029.76
1029.98
1026.39
1023.41
1019.86
1021.83
1019.84
1021.69
1024.21
1024.65
1026.32
1030.09
1029.55
1030.14
1026.59
1035.67
1037.88
1037.93
1044.10
1049.93
1046.53
1037.02
1032.99
1033.94
1039.05
1042.95
1046.02
1040.38
1036.51
1034.65
1030.68
1026.08
1026.85
1032.32
1033.23
1048.41
1050.59
1045.16
1038.43
1040.35
1044.41
1040.17
1042.64
1039.82
1038.94
1041.41
1042.05
1046.28
1051.41
1053.91
1052.78
1053.48
1047.86
1043.36
1038.80
1035.17
1029.47
1029.99
1029.25
1032.80
1024.13
1029.97
1031.89
1030.60
1028.27
1031.48
1031.42
1031.96
1033.63
1029.50
1028.63
1021.21
1019.89
1026.71
1033.77
1032.50
1036.90
1036.78
1034.92
1026.02
1016.85
1019.49
1030.44
1027.59
1020.88
1032.08
1029.16
1032.44
1034.32
1038.23
1036.42
1032.51
1029.05
1027.41
1029.65
1029.37
1040.88
1035.83
1039.26
1043.60
1042.09
1036.34
1033.74
1028.76
1029.46
1030.88
1034.83
1033.75
1030.03
1037.98
1039.57
1042.50
1044.96
1042.91
1045.25
1042.16
1051.54
1054.24
1050.59
1053.04
1049.29
1058.82
1065.92
1062.36
1059.96
1058.36
1046.33
1047.98
1047.12
1049.15
1043.53
1038.50
1026.40
1027.19
1031.78
1029.10
1031.79
1032.46
1034.38
1024.35
1017.23
1025.74
1030.93
1028.85
1022.55
1025.28
1030.79
1034.91
1033.60
1033.15
1034.19
1033.47
1029.31
1028.72
1031.10
1028.83
1026.44
1021.31
1021.38
1029.68
1038.11
1028.70
1031.92
1035.97
1025.84
1022.53
1026.38
1021.19
1025.18
1023.74
1023.01
1017.69
1019.84
1021.71
1024.91
1027.34
1029.01
1030.32
1027.87
1040.93
1041.13
1043.09
1035.07
1036.67
1038.31
1039.35
1046.02
1049.09
1051.07
1051.59
1047.78
1055.38
1050.18
1044.46
1043.78
1043.94
1051.28
1050.26
1059.33
1061.10
1064.46
1070.15
1072.82
1068.92
1074.92
1071.54
1082.05
1083.83
1081.06
1087.80
1084.96
1081.51
1084.86
1093.44
1092.45
1094.66
1087.37
1093.08
1096.98
1094.76
1100.28
1095.91
1092.55
1092.83
1091.41
1089.59
1087.24
1087.51
1092.85
1091.91
1095.58
1092.83
1085.88
1082.01
1088.87
1093.98
1087.78
1087.19
1094.52
1101.96
1097.88
1102.02
