1.00
0.92
0.96
0.99
0.98
1.02
1.01
0.98
0.96
0.89
0.92
0.99
0.99
0.97
0.94
0.96
0.91
0.95
0.91
0.92
0.93
0.95
0.92
0.88
0.92
0.98
0.98
1.01
1.05
1.06
1.09
1.15
1.10
1.09
1.00
0.94
1.01
0.97
1.02
1.04
1.07
0.95
0.88
0.85
0.86
0.78
0.86
0.81
0.85
0.82
0.81
0.80
0.79
0.78
0.85
0.84
0.93
0.96
0.96
0.92
0.98
1.00
0.95
1.02
0.99
0.92
0.91
0.88
0.97
0.94
0.92
0.89
0.97
0.98
1.01
1.02
0.99
1.05
1.06
1.08
0.99
0.95
0.94
0.92
0.91
0.95
0.99
0.98
0.93
0.98
0.91
0.91
0.89
0.89
0.83
0.83
0.83
0.77
0.71
0.68
0.70
0.68
0.73
0.71
0.71
0.73
0.77
0.67
0.67
0.66
0.70
0.54
0.58
0.62
0.64
0.69
0.75
0.74
0.75
0.79
0.74
0.75
0.77
0.76
0.79
0.92
0.91
0.92
0.92
0.89
0.84
0.74
0.79
0.80
0.77
0.73
0.79
0.76
0.77
0.83
0.91
0.94
0.91
0.89
0.89
0.89
0.90
0.90
0.90
1.00
0.99
1.06
1.10
1.10
1.02
1.03
1.07
1.07
1.07
1.10
1.07
1.02
1.08
1.10
1.13
1.14
1.19
1.18
1.24
1.24
1.22
1.18
1.22
1.29
1.32
1.38
1.36
1.34
1.35
1.32
1.33
1.36
1.32
1.34
1.41
1.41
1.42
1.39
1.45
1.42
1.36
1.28
1.28
1.29
1.21
1.22
1.32
1.32
1.32
1.29
1.37
1.31
1.31
1.32
1.23
1.24
1.26
1.14
1.16
1.15
1.15
1.07
1.09
1.10
1.14
1.12
1.15
1.14
1.06
1.08
1.06
1.05
0.99
1.01
0.93
0.96
0.96
1.05
1.00
0.92
0.91
0.95
0.88
0.88
0.87
0.87
0.81
0.79
0.87
0.87
0.79
0.80
0.78
0.75
0.71
0.67
0.71
0.76
0.79
0.75
0.83
0.87
0.80
0.77
0.79
0.83
0.79
0.86
0.85
0.85
0.82
0.79
0.76
0.78
0.77
0.79
0.81
0.82
0.84
0.88
0.87
0.88
0.84
0.93
0.95
0.95
1.01
1.06
1.03
0.93
0.89
0.90
0.95
0.99
1.01
0.96
0.92
0.90
0.86
0.82
0.83
0.88
0.89
1.04
1.06
1.00
0.93
0.95
0.99
0.95
0.97
0.94
0.93
0.95
0.96
1.00
1.04
1.06
1.05
1.05
1.00
0.95
0.91
0.87
0.82
0.82
0.82
0.85
0.77
0.83
0.85
0.84
0.82
0.85
0.85
0.86
0.87
0.83
0.83
0.76
0.75
0.82
0.89
0.87
0.92
0.91
0.90
0.81
0.72
0.75
0.86
0.84
0.77
0.88
0.86
0.89
0.91
0.94
0.93
0.89
0.85
0.84
0.86
0.86
0.97
0.92
0.95
0.99
0.98
0.92
0.89
0.85
0.85
0.87
0.91
0.90
0.86
0.94
0.95
0.98
1.00
0.98
1.00
0.97
1.06
1.08
1.04
1.06
1.02
1.11
1.17
1.13
1.10
1.08
0.97
0.98
0.97
0.99
0.93
0.88
0.77
0.78
0.82
0.80
0.83
0.84
0.85
0.76
0.69
0.78
0.83
0.81
0.75
0.78
0.84
0.88
0.87
0.87
0.88
0.87
0.83
0.83
0.85
0.83
0.81
0.76
0.76
0.85
0.93
0.84
0.87
0.91
0.81
0.78
0.82
0.77
0.81
0.80
0.80
0.75
0.77
0.79
0.83
0.85
0.87
0.88
0.86
0.99
0.98
1.00
0.92
0.94
0.95
0.96
1.02
1.05
1.07
1.07
1.03
1.10
1.04
0.98
0.98
0.98
1.04
1.03
1.11
1.13
1.15
1.20
1.22
1.17
1.22
1.19
1.28
1.29
1.25
1.31
1.27
1.23
1.25
1.32
1.31
1.32
1.24
1.29
1.31
1.28
1.33
1.28
1.24
1.23
1.21
1.19
1.16
1.16
1.20
1.18
1.21
1.18
1.11
1.07
1.13
1.17
1.11
1.10
1.16
1.22
1.18
1.21
