50.17
45.77
47.79
49.61
49.19
51.40
50.67
49.39
47.88
43.82
45.81
49.57
49.69
48.62
46.82
48.07
44.97
47.33
45.18
45.56
46.10
47.06
45.47
43.15
45.05
48.51
48.69
50.31
53.37
53.74
56.25
60.39
56.83
56.97
50.79
47.21
51.52
49.05
52.25
53.93
56.02
48.67
44.51
42.45
42.86
38.67
42.67
39.83
41.44
39.81
38.99
38.61
37.92
37.36
40.77
39.93
44.84
46.38
46.63
44.02
47.53
48.68
45.68
50.05
48.23
44.42
43.69
41.91
47.19
45.10
44.09
42.49
47.06
47.68
49.38
49.85
48.24
51.86
53.03
54.19
48.93
46.44
45.81
44.70
43.96
46.35
48.54
48.11
44.97
48.13
43.82
43.85
42.33
42.24
39.17
38.58
38.58
35.26
31.94
30.57
31.29
29.84
31.99
30.55
30.22
30.98
33.01
28.08
27.66
26.93
28.37
21.40
22.83
24.06
24.32
26.28
28.36
27.94
28.02
29.83
27.41
27.50
28.25
27.38
28.60
34.63
33.97
34.79
34.62
32.81
30.22
25.93
27.74
27.95
26.62
24.58
26.72
25.31
25.63
28.29
31.81
32.98
31.41
30.44
30.50
30.55
31.01
30.63
30.64
35.40
35.00
39.09
41.45
41.45
37.07
38.05
40.36
40.08
40.70
42.62
40.55
37.90
41.46
42.96
45.04
45.76
49.31
49.12
53.71
53.96
52.93
50.68
53.51
59.26
61.65
67.21
66.02
65.11
67.08
65.35
66.77
69.96
67.34
69.20
76.08
77.05
78.87
77.26
83.27
81.60
77.10
70.77
71.63
73.43
67.55
68.82
77.34
78.05
78.71
76.44
84.97
80.11
81.06
81.99
75.18
76.50
78.90
69.26
71.32
71.08
71.50
64.64
66.78
68.15
71.29
70.35
72.87
72.66
65.98
67.58
66.41
66.27
61.32
63.17
56.52
59.23
59.25
66.17
62.13
56.01
55.59
58.38
53.19
52.76
51.94
52.30
47.88
46.05
51.28
51.47
45.67
45.95
44.00
41.82
39.36
36.41
38.59
41.01
42.51
40.25
44.99
47.49
42.81
40.34
41.32
43.94
40.99
45.44
44.63
44.67
42.20
40.19
37.87
38.99
37.65
38.69
40.17
40.34
41.31
43.68
43.21
43.49
41.06
47.03
48.47
48.40
52.72
56.97
54.30
47.33
44.44
44.98
48.43
51.12
53.26
49.04
46.20
44.80
42.01
38.89
39.28
42.78
43.28
54.05
55.60
51.41
46.44
47.69
50.53
47.34
49.00
46.86
46.13
47.78
48.13
51.12
54.89
56.71
55.72
56.15
51.74
48.29
44.90
42.25
38.31
38.54
37.94
40.19
34.45
38.07
39.23
38.26
36.62
38.61
38.46
38.71
39.71
36.84
36.16
31.41
30.50
34.58
39.11
38.14
41.02
40.82
39.42
33.45
27.82
29.24
35.95
33.98
29.71
36.68
34.64
36.68
37.83
40.42
39.03
36.24
33.85
32.67
34.00
33.69
41.46
37.78
40.06
43.08
41.85
37.64
35.74
32.32
32.66
33.46
35.98
35.13
32.53
37.80
38.80
40.80
42.49
40.85
42.46
40.05
47.04
49.06
46.05
47.86
44.80
52.29
58.13
54.99
52.87
51.43
41.77
42.91
42.12
43.56
39.16
35.37
27.15
27.52
30.35
28.47
30.09
30.41
31.57
24.97
20.73
25.55
28.72
27.24
23.22
24.72
28.09
30.72
29.69
29.24
29.81
29.18
26.29
25.77
27.18
25.56
23.91
20.70
20.60
25.54
31.16
24.61
26.57
29.21
22.39
20.26
22.42
19.20
21.40
20.38
19.80
16.67
17.69
18.60
20.33
21.67
22.57
23.27
21.53
30.46
30.46
31.81
25.72
26.71
27.74
28.36
33.37
35.72
37.23
37.52
34.21
40.49
35.91
31.07
30.37
30.34
36.27
35.25
43.09
44.56
47.54
52.75
55.19
51.38
57.00
53.66
63.69
65.33
62.55
69.03
66.17
62.71
65.89
74.21
73.15
75.23
68.00
73.51
77.26
74.99
80.32
75.96
72.57
72.77
71.30
69.43
67.04
67.22
72.37
71.37
74.88
72.11
65.21
61.33
67.97
72.90
66.74
66.08
73.18
80.39
76.31
80.28
